17 0.06813714285714287 0.41896428571428573 0.07121142857142858 0.10164285714285712
17 0.06549714285714286 0.6572857142857143 0.05538285714285715 0.08378571428571421
2 0.4272571428571429 0.8283035714285715 0.05274285714285712 0.08241071428571424
6 0.8861485714285714 0.25 0.03340571428571431 0.06044642857142859
6 0.88528 0.35851785714285717 0.02988571428571439 0.0521964285714286
6 0.8857142857142857 0.4587857142857143 0.03076571428571437 0.06044642857142861
6 0.8844000000000001 0.5783035714285715 0.035165714285714265 0.06044642857142861
6 0.8848342857142857 0.7589285714285714 0.03604571428571424 0.05907142857142864
6 0.8839542857142858 0.8626428571428572 0.04307428571428577 0.057696428571428676
13 0.5964799999999999 0.3956071428571428 0.041314285714285755 0.0686785714285714
3 0.42417142857142853 0.25 0.05011428571428574 0.08241071428571427
3 0.7178057142857144 0.24725000000000003 0.044834285714285736 0.06317857142857142
3 0.7204342857142857 0.35714285714285715 0.04131428571428582 0.06317857142857142
3 0.7178057142857144 0.46085714285714285 0.04307428571428577 0.059071428571428594
3 0.71824 0.5844821428571428 0.042194285714285795 0.06730357142857132
13 0.22242285714285714 0.46153571428571427 0.05274285714285712 0.08241071428571424
13 0.22197714285714285 0.6071428571428571 0.05362285714285716 0.08791071428571431