13 0.10093264248704663 0.1626111111111111 0.05073834196891191 0.056708333333333354
13 0.3259974093264248 0.3778888888888889 0.07124352331606214 0.061347222222222206
13 0.6622409326424871 0.3738472222222222 0.05721502590673577 0.05093055555555554
5 0.19160621761658028 0.1597222222222222 0.046411917098445575 0.05555555555555555
5 0.8074222797927462 0.1579861111111111 0.05397668393782393 0.0544027777777778
5 0.49330310880829015 0.1626111111111111 0.04533678756476684 0.059027777777777755
7 0.49222797927461137 0.3130833333333333 0.05397668393782378 0.06134722222222225
7 0.37240932642487046 0.1620416666666667 0.0561269430051814 0.06250000000000001
7 0.7118911917098446 0.16030555555555556 0.05721502590673585 0.056708333333333354
5 0.6206865284974094 0.16145833333333334 0.0561269430051814 0.0682916666666667
2 0.28389896373056994 0.16319444444444445 0.05829015544041451 0.060180555555555536
13 0.4620077720207254 0.4375 0.04317357512953373 0.05555555555555555
13 0.5251554404145078 0.4299722222222222 0.048575129533678756 0.054402777777777724
3 0.15382124352331605 0.5277777777777778 0.046411917098445575 0.05787499999999994
3 0.10740932642487047 0.6695555555555556 0.05073834196891191 0.059027777777777776
3 0.11117875647668393 0.7662083333333333 0.04965025906735753 0.06018055555555545
3 0.8354922279792746 0.52025 0.05829015544041451 0.059027777777777776
3 0.8927072538860104 0.6631944444444444 0.04965025906735742 0.053236111111111165
3 0.89 0.7563611111111112 0.05073834196891201 0.061347222222222324
16 0.49384715025906734 0.6747638888888888 0.05288860103626948 0.06018055555555561
19 0.4927720207253886 0.5625 0.04641191709844565 0.05555555555555555
19 0.4274611398963731 0.7274305555555556 0.05181347150259067 0.0544027777777778
6 0.4976295336787565 0.7974583333333333 0.05397668393782378 0.0578750000000001
16 0.4900647668393782 0.9143472222222223 0.05181347150259067 0.06018055555555545
3 0.898380829015544 0.16030555555555556 0.057538860103627035 0.06447222222222221