13 0.5315958333333333 0.2348860103626943 0.035416666666666666 0.03799481865284976
8 0.534375 0.3216735751295337 0.028470833333333303 0.04231606217616584
10 0.5329875000000001 0.4231450777202072 0.03263749999999997 0.039725388601036304
3 0.36840416666666664 0.5224507772020727 0.050695833333333364 0.06908290155440416
3 0.6965291666666666 0.5211554404145079 0.05138749999999997 0.0561295336787565
3 0.3701375 0.7098445595854922 0.044445833333333365 0.053538860103626906
3 0.6979166666666666 0.7107098445595855 0.04583333333333333 0.053538860103626906
6 0.3701375 0.8618290155440415 0.0375 0.04145077720207254
6 0.7003458333333333 0.8618290155440415 0.03958333333333333 0.04835751295336784
16 0.8798625 0.3182227979274611 0.034720833333333305 0.04404145077720207
10 0.53125 0.6178756476683938 0.03333333333333333 0.04231606217616584
3 0.5340291666666667 0.5060466321243523 0.02638749999999997 0.037994818652849704
3 0.5347208333333333 0.6930051813471503 0.0277791666666667 0.02849740932642487