6 0.2541307471264368 0.15548029556650247 0.03412356321839081 0.06157635467980296
6 0.7026795977011494 0.4572044334975369 0.038613505747126436 0.058497536945812806
3 0.39960488505747127 0.15701970443349753 0.04489942528735632 0.06773399014778325
3 0.5437356321839081 0.16625615763546797 0.04040948275862069 0.06465517241379311
3 0.5958189655172413 0.4618226600985222 0.03681752873563218 0.06465517241379311
3 0.5940229885057471 0.583435960591133 0.04400143678160919 0.0708128078817734
8 0.15670258620689656 0.47875615763546797 0.038613505747126436 0.06465517241379311
6 0.6366738505747126 0.1724137931034483 0.03771551724137931 0.06773399014778325
16 0.7309626436781609 0.1708743842364532 0.03412356321839081 0.058497536945812806
16 0.9181968390804599 0.17395320197044334 0.03322557471264368 0.06773399014778325
5 0.8261494252873564 0.1724137931034483 0.03412356321839081 0.058497536945812806
16 0.8683548850574713 0.5280172413793104 0.035919540229885055 0.06157635467980296
15 0.6999856321839081 0.5880541871921182 0.03142959770114943 0.06157635467980296
16 0.26939655172413796 0.7589285714285714 0.0305316091954023 0.058497536945812806
16 0.25323275862068967 0.4772167487684729 0.0305316091954023 0.058497536945812806
2 0.2527873563218391 0.2894088669950739 0.03681752873563218 0.058497536945812806
8 0.16658045977011493 0.7620073891625616 0.024245689655172414 0.05233990147783251
5 0.39870689655172414 0.8790024630541872 0.032327586206896554 0.058497536945812806
3 0.5720186781609196 0.8428325123152709 0.0305316091954023 0.06311576354679803
3 0.6483477011494253 0.7804802955665024 0.03412356321839081 0.058497536945812806
19 0.8706034482758621 0.7042857142857143 0.03322557471264368 0.060036945812807885
7 0.3239942528735632 0.47598522167487683 0.04248563218390804 0.07160098522167486
19 0.39624281609195405 0.47809113300492606 0.039202586206896504 0.06174876847290639
3 0.7174640804597702 0.8424014778325123 0.03714798850574715 0.061995073891625514
16 0.8685344827586207 0.8392364532019705 0.03551005747126425 0.06269704433497547
19 0.39901580459770114 0.7577832512315271 0.03858477011494255 0.06518472906403949