6 0.8215752351097179 0.6662339331619538 0.03395768025078364 0.06141388174807194
16 0.7614968652037617 0.6655269922879177 0.037445141065830696 0.05712082262210804
16 0.4754467084639498 0.4755784061696658 0.04354231974921626 0.06284061696658096
19 0.27298589341692786 0.2842030848329049 0.04441222570532912 0.057120822622107964
19 0.33916927899686516 0.3427634961439589 0.03395768025078373 0.05426735218509001
19 0.33699059561128525 0.5326992287917738 0.0348275862068966 0.057120822622107895
3 0.7619278996865204 0.5234190231362468 0.0348275862068966 0.05856041131105391
11 0.8163557993730408 0.5234190231362468 0.032217868338558005 0.049987146529562966
2 0.33873040752351097 0.8576092544987147 0.03831504702194356 0.05856041131105391
2 0.43451410658307216 0.8604627249357327 0.0348275862068966 0.06141388174807194
7 0.5168025078369907 0.8604627249357327 0.037445141065830696 0.05856041131105391
7 0.6008385579937304 0.8590359897172237 0.03831504702194365 0.05856041131105391
5 0.6731112852664577 0.8611825192802056 0.03134796238244514 0.06284061696658111
5 0.7436442006269592 0.8604627249357327 0.03134796238244514 0.05569408740359888
5 0.8141771159874609 0.8611825192802056 0.03831504702194356 0.05426735218509001
19 0.3104310344827586 0.16424164524421594 0.037445141065830696 0.06854755784061695
6 0.602217868338558 0.4677763496143959 0.040078369905956195 0.06444730077120821
5 0.5431034482758621 0.16154241645244216 0.038291536050156665 0.054254498714652946
6 0.6009874608150471 0.628598971722365 0.04433385579937299 0.06293059125964008
19 0.27249999999999996 0.6280591259640103 0.036724137931034496 0.058161953727506426