6 0.3156404109589041 0.048420805998125586 0.03767123287671233 0.053106841611996254
6 0.4566198630136986 0.04764292408622305 0.036530821917808244 0.05467197750702905
8 0.59475 0.046077788191190246 0.038811643835616416 0.05154639175257731
11 0.7328767123287672 0.048420805998125586 0.0410958904109589 0.053106841611996254
16 0.6863904109589042 0.5615417057169634 0.041095890410958985 0.05467197750702909
6 0.2836746575342466 0.23039831302717903 0.03995547945205482 0.051546391752577345
3 0.4560513698630137 0.2366447985004686 0.03995547945205482 0.06091846298031865
3 0.5776267123287672 0.23742736644798504 0.036530821917808244 0.05623242736644801
12 0.7425787671232876 0.23274133083411436 0.03995547945205482 0.0593580131208997
12 0.873859589041096 0.22727272727272727 0.03995547945205482 0.05467197750702906
5 0.4714623287671233 0.40455951265229617 0.03424657534246575 0.056232427366447985
3 0.6815068493150684 0.4006560449859419 0.036530821917808244 0.06091846298031865
6 0.4737431506849315 0.5599812558575445 0.038811643835616416 0.05779287722586688
19 0.292236301369863 0.7466401124648547 0.038811643835616416 0.05310684161199622
19 0.4486301369863014 0.7466401124648547 0.038811643835616416 0.04998594189315842
19 0.5970308219178082 0.7505482661668229 0.03424657534246575 0.05467197750702909
19 0.7311643835616438 0.7482052483598876 0.03995547945205482 0.04998594189315842
12 0.8664383561643836 0.74898313027179 0.036530821917808244 0.05154639175257732