19 0.200634765625 0.19514480408858603 0.05149414062500002 0.0960136286201022
16 0.387958984375 0.19822827938671206 0.06391601562500004 0.09911413969335603
3 0.549091796875 0.19514480408858606 0.048828125 0.10531516183986372
3 0.4873925781249999 0.4220272572402044 0.04438476562499999 0.09446337308347529
3 0.450107421875 0.6326405451448042 0.06214843749999999 0.10686541737649066
3 0.277880859375 0.4924872231686541 0.05681640624999998 0.09911413969335596
3 0.23615234375 0.8347529812606473 0.05681640624999998 0.09601362862010214
3 0.89177734375 0.6009028960817717 0.05060546874999994 0.10841567291311752
3 0.75505859375 0.835519591141397 0.05060546874999994 0.10066439522998302
12 0.884677734375 0.39492333901192506 0.05948242187500008 0.09293015332197613
12 0.232158203125 0.6318739352640546 0.05060546874999999 0.08672913117546843
12 0.751064453125 0.1982282793867121 0.0550390624999999 0.08672913117546847
1 0.46076171875 0.8363032367972744 0.06037109375000005 0.10841567291311752
10 0.60724609375 0.8347529812606473 0.0550390624999999 0.09601362862010214
6 0.896220703125 0.842504258943782 0.05770507812499992 0.1053151618398638
5 0.88556640625 0.19049403747870527 0.05770507812499992 0.09293015332197617