7 0.19101123595505617 0.24499127399650958 0.0449438202247191 0.06846422338568936
2 0.7808988764044944 0.23425828970331586 0.042348314606741634 0.06041884816753928
2 0.8949887640449438 0.23291448516579408 0.04061797752808999 0.06577661431064571
1 0.31114606741573037 0.25977312390924956 0.039752808988764037 0.06577661431064571
3 0.1970561797752809 0.38595113438045375 0.04667415730337081 0.06577661431064571
3 0.05013483146067416 0.5108027923211169 0.04494382022471911 0.06577661431064562
3 0.3267078651685393 0.5154973821989529 0.0449438202247191 0.06980802792321117
3 0.8776966292134831 0.5786038394415358 0.04061797752808999 0.0671204188481676
12 0.1348314606741573 0.6665270506108203 0.041483146067415745 0.06308900523560206
4 0.49697752808988765 0.9075043630017452 0.039752808988764037 0.05638743455497373
5 0.25280898876404495 0.8531413612565445 0.045808988764044926 0.06846422338568939
15 0.13007865168539326 0.8477661431064573 0.04061797752808989 0.06308900523560206
6 0.6486629213483145 0.8967713787085515 0.04061797752808999 0.0671204188481676
6 0.7350898876404495 0.8967713787085515 0.03716853932584262 0.0671204188481676
6 0.8301685393258427 0.8981151832460733 0.042348314606741634 0.0671204188481676
1 0.6400224719101124 0.2530541012216405 0.038898876404494256 0.05773123909249561
13 0.5479662921348315 0.25171029668411865 0.03630337078651692 0.06308900523560208
3 0.3880674157303371 0.687347294938918 0.05877528089887634 0.0671204188481676
3 0.4537640449438203 0.6900174520069808 0.0570449438202247 0.06443280977312384
3 0.5151348314606742 0.688673647469459 0.0570449438202247 0.06443280977312384
3 0.38979775280898876 0.7766143106457243 0.0570449438202247 0.06577661431064583
3 0.45765168539325846 0.7732635253054101 0.056179775280898875 0.061745200698080274
3 0.5185842696629214 0.7739267015706806 0.053584269662921284 0.06577661431064562
3 0.6140898876404494 0.6913612565445025 0.06137078651685381 0.07249563699825473
3 0.6832359550561798 0.6906980802792321 0.05791011235955052 0.06308900523560206
3 0.7433033707865168 0.6913612565445025 0.05877528089887634 0.061745200698080274
3 0.7458988764044944 0.7766143106457243 0.0570449438202247 0.05773123909249571
3 0.6827977528089888 0.774607329842932 0.06222471910112372 0.06443280977312384
3 0.6149550561797752 0.7799650959860385 0.06137078651685381 0.0671204188481676
10 0.5764943820224719 0.4926876090750436 0.0691460674157303 0.0751832460732985
10 0.4878988764044944 0.3255497382198953 0.03716853932584274 0.06846422338568939
8 0.4040674157303371 0.3275567190226876 0.03543820224719097 0.051012216404886596