7 0.14340266493337667 0.14578521939953812 0.025186870328241795 0.046189376443418015
7 0.19946376340591485 0.1465069284064665 0.025186870328241795 0.0447459584295612
7 0.543548911277218 0.4647806004618938 0.027624309392265192 0.04907621247113164
7 0.8531036724081899 0.4597286374133949 0.027624309392265192 0.04763279445727483
7 0.6946701332466688 0.8285219399538106 0.027624309392265192 0.046189376443418015
5 0.8770718232044199 0.8306870669745958 0.025186870328241795 0.050519630484988455
5 0.7897302567435814 0.8299653579676675 0.025999350016249593 0.04907621247113164
3 0.6215469613259669 0.6596420323325635 0.025999350016249593 0.046189376443418015
3 0.7698245043873904 0.6603637413394919 0.028436789080272994 0.04763279445727483
1 0.23765030874228144 0.26919745958429564 0.028436789080272994 0.05340646651270208
3 0.6215469613259669 0.3456986143187067 0.03087422814429639 0.0447459584295612
5 0.2823366915827104 0.3825057736720554 0.028436789080272994 0.05484988452655889
5 0.4062398440038999 0.8357390300230947 0.025999350016249593 0.03464203233256351
5 0.49155021124471887 0.8335739030023095 0.025999350016249593 0.04763279445727483
15 0.5902664933376666 0.8350173210161663 0.026811829704257394 0.050519630484988455
16 0.22668183295417615 0.6827367205542725 0.021124471888202795 0.04330254041570439
6 0.3229606759831004 0.8263568129330254 0.025186870328241795 0.050519630484988455
6 0.4728631784205395 0.46550230946882215 0.02924926876828079 0.04763279445727483
6 0.7811992200194995 0.4582852193995381 0.030061748456288593 0.04763279445727483
4 0.3940526486837829 0.46405889145496537 0.03087422814429639 0.050519630484988455
4 0.7040136496587586 0.46045034642032334 0.03493662658433539 0.04907621247113164
8 0.23277543061423464 0.5051963048498845 0.030061748456288593 0.05196304849884527
10 0.617078323041924 0.08227482678983834 0.036561585960350994 0.06062355658198614
13 0.4610822229444264 0.16238452655889146 0.03168670783230419 0.05918013856812933
13 0.7681995450113747 0.16166281755196305 0.03981150471238219 0.06062355658198614
5 0.14705882352941177 0.374566974595843 0.027624309392265192 0.04763279445727483