16 0.33318815331010454 0.14793388429752066 0.04790940766550523 0.08760330578512397
1 0.3375435540069686 0.3702479338842975 0.04965156794425087 0.0859504132231405
6 0.6280487804878049 0.13636363636363635 0.041811846689895474 0.08099173553719008
6 0.6276132404181185 0.3677685950413223 0.03571428571428571 0.0743801652892562
12 0.43162020905923343 0.3685950413223141 0.046167247386759584 0.0859504132231405
2 0.2312717770034843 0.5942148760330579 0.04442508710801394 0.08760330578512397
12 0.335801393728223 0.8057851239669421 0.04790940766550523 0.09090909090909091
12 0.8410278745644599 0.08264462809917356 0.025261324041811847 0.05619834710743802
0 0.22952961672473868 0.8066115702479338 0.040940766550522645 0.07933884297520662
0 0.6284843205574913 0.5909090909090909 0.039198606271777 0.07768595041322314
0 0.6267421602787456 0.8057851239669421 0.046167247386759584 0.08760330578512397
11 0.8314459930313589 0.3669421487603306 0.04442508710801394 0.08264462809917356
0 0.33710801393728224 0.5925619834710744 0.04006968641114982 0.08429752066115702
3 0.5256968641114983 0.3702479338842975 0.04965156794425087 0.1024793388429752
3 0.7295296167247387 0.13388429752066117 0.04790940766550523 0.09586776859504133
3 0.7290940766550522 0.3669421487603306 0.050522648083623695 0.1024793388429752
3 0.8310104529616724 0.8057851239669421 0.05400696864111498 0.09752066115702479
5 0.8297038327526133 0.5900826446280992 0.037456445993031356 0.07933884297520662
15 0.5273344947735191 0.13527272727272727 0.05291811846689896 0.09203305785123968