8 0.06713333333333334 0.1664355062413315 0.03055833333333334 0.07396671289875172
3 0.0412 0.7558945908460472 0.03981666666666667 0.07550624133148412
3 0.16110833333333335 0.21729542302357835 0.031483333333333356 0.06163661581137309
3 0.21389166666666667 0.13484049930651873 0.03889166666666666 0.06934812760055478
3 0.21759166666666668 0.2820110957004161 0.03518333333333336 0.05855755894590842
3 0.3046333333333333 0.14331484049930648 0.04259166666666668 0.08321775312066572
3 0.15139166666666665 0.6757558945908461 0.032408333333333324 0.07242718446601945
3 0.21064999999999998 0.6726768377253814 0.03425833333333332 0.07550624133148412
13 0.3537 0.6703606102635229 0.03333333333333333 0.07088765603328712
3 0.702775 0.671137309292649 0.037033333333333376 0.06626907073509011
6 0.37175833333333336 0.27277392510402215 0.028700000000000045 0.05855755894590842
6 0.5083333333333333 0.1417753120665742 0.03333333333333333 0.06780859916782245
6 0.9282416666666667 0.5501664355062413 0.045366666666666715 0.06780859916782245
6 0.3314833333333333 0.8560610263522885 0.04629999999999995 0.07242718446601945
3 0.9282416666666667 0.2481137309292649 0.0435166666666665 0.07088765603328712
4 0.44351666666666667 0.1417753120665742 0.03889166666666668 0.07396671289875172
7 0.486575 0.6680582524271845 0.03425833333333325 0.07859916782246874
7 0.488425 0.8591400832177531 0.03610833333333327 0.06934812760055478
16 0.5611083333333333 0.6672815533980583 0.04074166666666675 0.07396671289875179
3 0.3671333333333333 0.13561719833564495 0.04536666666666662 0.0801386962552011
3 0.25046666666666667 0.8545214979195562 0.03425833333333334 0.07242718446601945
3 0.6324083333333334 0.6719001386962552 0.04074166666666675 0.06780859916782245
13 0.7050916666666667 0.2195977808599168 0.039816666666666646 0.06934812760055478
5 0.42268333333333336 0.6688210818307906 0.03610833333333332 0.06472954230235778
5 0.299075 0.4892926490984743 0.04259166666666668 0.06319001386962544
5 0.588425 0.14409153952843273 0.04351666666666669 0.06626907073509015
5 0.58935 0.28124826629681 0.04351666666666669 0.08167822468793341