17 0.05393025447690858 0.14308343409915358 0.040838831291234674 0.06582829504232166
17 0.05655042412818096 0.41246674727932287 0.050263901979264836 0.06986698911729138
17 0.05655042412818096 0.5750423216444982 0.03770028275212064 0.08598548972188635
17 0.05550424128180961 0.7537243047158404 0.04398680490103675 0.08866989117291406
17 0.14870876531573987 0.7503748488512696 0.033515551366635254 0.07120918984280544
17 0.6021583411875588 0.5522007255139058 0.043986804901036826 0.08061668681983067
8 0.20316682375117814 0.2445223700120919 0.04817153628652216 0.075235792019347
8 0.21311027332704996 0.5401088270858525 0.045032987747408076 0.06986698911729138
1 0.33563619227144204 0.1766747279322854 0.045032987747408076 0.0712091898428053
1 0.448737040527804 0.08128174123337364 0.036654099905749284 0.07657799274486093
1 0.44716305372290294 0.4164933494558646 0.05445805843543824 0.08061668681983067
1 0.44769085768143263 0.652962515114873 0.0555042412818096 0.08330108827085858
3 0.5943072573044297 0.2801330108827086 0.06806786050895385 0.07657799274486092
3 0.8838642789820923 0.2908827085852479 0.07540056550424128 0.09001209189842801
13 0.7257304429783223 0.2814752116082225 0.05655042412818096 0.07927448609431681
6 0.88124410933082 0.11621523579201933 0.05759660697455222 0.09001209189842803
7 0.5136663524976437 0.8793470374848852 0.059688972667294934 0.07120918984280544