3 0.06132075471698113 0.27335373317013467 0.053462264150943406 0.08160342717258263
3 0.6551320754716982 0.6153977968176254 0.0586981132075472 0.09111383108935135
3 0.9140471698113207 0.6752386780905753 0.04821698113207538 0.07751529987760089
8 0.20073584905660377 0.3773929008567931 0.05974528301886791 0.06936352509179922
1 0.3768301886792453 0.4576376988984088 0.06394339622641507 0.0747980416156671
7 0.4785094339622642 0.2386780905752754 0.030396226415094367 0.06663402692778457
3 0.6546132075471698 0.15435740514075885 0.04926415094339625 0.06663402692778456
8 0.37945283018867926 0.7065116279069767 0.041924528301886844 0.07208078335373329
13 0.1960188679245283 0.6888372093023255 0.06917924528301886 0.07479804161566696
3 0.5199150943396227 0.4630722154222766 0.0691792452830188 0.0747980416156671
6 0.6551320754716982 0.34067319461444306 0.07128301886792447 0.07208078335373315
16 0.9140471698113207 0.20671970624235003 0.054509433962264126 0.06255813953488373
6 0.9093301886792453 0.46716034271725826 0.059745283018867855 0.08567931456548347
3 0.790688679245283 0.4589963280293758 0.060141509433962265 0.07649938800489596
8 0.05719811320754717 0.5048959608323134 0.0625 0.0795593635250918
8 0.06427358490566037 0.8491432068543452 0.05778301886792453 0.0795593635250918