18 0.0535224153705398 0.47580645161290325 0.0484903934126258 0.0718475073313783
18 0.1303751143641354 0.4743401759530792 0.03751143641354071 0.06304985337243402
18 0.32250686184812444 0.8328445747800587 0.04483074107959744 0.05865102639296188
18 0.40530649588289114 0.8350439882697948 0.04574565416285453 0.05718475073313783
18 0.48627630375114367 0.8343108504398827 0.043000914913083256 0.05865102639296188
18 0.7378774016468436 0.8284457478005866 0.04666056724611162 0.07038123167155426
18 0.8183897529734675 0.8343108504398827 0.04117108874656908 0.05865102639296188
18 0.9025617566331199 0.8372434017595308 0.05215004574565416 0.05278592375366569
18 0.7369624885635865 0.532258064516129 0.04666056724611162 0.06158357771260997
18 0.8156450137236962 0.532258064516129 0.039341262580054895 0.05865102639296188
18 0.9002744739249772 0.5344574780058651 0.04574565416285453 0.054252199413489736
18 0.7342177493138152 0.20967741935483872 0.04666056724611162 0.05278592375366569
18 0.8174748398902104 0.21041055718475074 0.04483074107959744 0.060117302052785926
18 0.898444647758463 0.2118768328445748 0.04574565416285453 0.05718475073313783
14 0.3421774931381519 0.20381231671554254 0.04940530649588289 0.07038123167155426
7 0.33623055809698077 0.4032258064516129 0.05763952424519671 0.07917888563049853
13 0.3353156450137237 0.6004398826979472 0.04666056724611162 0.07771260997067449
19 0.5196706312900274 0.4010263929618768 0.04940530649588289 0.08357771260997067
13 0.08828911253430924 0.6077712609970675 0.043000914913083256 0.08357771260997067