3 0.24916999999999997 0.5198692307692308 0.08167000000000002 0.06282307692307698
3 0.41083 0.5166692307692308 0.07833000000000004 0.06153846153846154
3 0.57 0.5166692307692308 0.08 0.05640769230769225
3 0.72417 0.5173076923076924 0.08167000000000008 0.057692307692307696
6 0.25167 0.3852538461538461 0.08332999999999999 0.05769230769230765
2 0.25416999999999995 0.6448692307692308 0.07499999999999997 0.06153846153846154
2 0.41417000000000004 0.6461538461538462 0.075 0.058976923076923135
2 0.57333 0.6448692307692308 0.08667000000000007 0.06153846153846154
7 0.57333 0.6435923076923077 0.08 0.058976923076923135
8 0.25866 0.06573846153846154 0.07890999999999997 0.05784615384615386
13 0.42197 0.06601538461538461 0.07672000000000002 0.06402307692307693
1 0.58017 0.06643846153846154 0.07891000000000008 0.06767692307692309
18 0.73398 0.0641923076923077 0.07233999999999992 0.0631846153846154
8 0.25683999999999996 0.18108461538461537 0.09717999999999997 0.06090000000000001
1 0.4238 0.1836153846153846 0.08767999999999995 0.060338461538461514
19 0.25507 0.28503076923076925 0.08608000000000002 0.061776923076923125
12 0.41837 0.2853615384615385 0.08354999999999996 0.06242307692307691
12 0.5757599999999999 0.28576153846153846 0.08607999999999992 0.06809999999999998
12 0.72861 0.28365384615384615 0.09430999999999995 0.06713076923076922
0 0.87461 0.28657692307692306 0.08249000000000001 0.06647692307692304
16 0.87914 0.38539999999999996 0.07679999999999995 0.059638461538461515
5 0.25423 0.790323076923077 0.08439000000000002 0.061276923076923055
5 0.41447 0.7899923076923077 0.07785000000000002 0.060630769230769266
5 0.57386 0.7895076923076922 0.07805999999999995 0.06289999999999998
19 0.87197 0.7904 0.07932999999999993 0.059815384615384694
19 0.24959 0.9169692307692308 0.08355000000000001 0.06626923076923084
19 0.41362 0.9159923076923077 0.08460000000000002 0.06432307692307684
19 0.5678500000000001 0.9177846153846153 0.08501999999999998 0.06464615384615381
19 0.7343099999999999 0.9202923076923077 0.08459999999999991 0.0648076923076923
19 0.89254 0.9177846153846153 0.0803800000000001 0.06464615384615381